SomeParams=1702.000000
testParams=0.000001
