SomeParams=13.000000
testParams=0.000001
