SomeParams=10.000000
testParams=0.000001
