SomeParams=33.000000
testParams=0.000001
