IOB_cube=0.000000
IOB_param=90.493482
blue_button=0.000000
Diam_location=1.000000
IOB_Diamond=0.000000
green_button=0.000000
red_button=0.000000
